image: /home/adhitir/map_karto.pgm
resolution: 0.050000
origin: [-14.716898, -24.219330, 0.000000]
negate: 0
occupied_thresh: 0.65
free_thresh: 0.196

