# oST version 5.0 parameters


[image]

width
640

height
480

[narrow_stereo]

camera matrix
586.050388 0.000000 344.831621
0.000000 583.912711 259.045169
0.000000 0.000000 1.000000

distortion
0.317941 -0.383294 0.019421 0.026589 0.000000

rectification
1.000000 0.000000 0.000000
0.000000 1.000000 0.000000
0.000000 0.000000 1.000000

projection
624.633423 0.000000 357.645705 0.000000
0.000000 631.304138 265.256157 0.000000
0.000000 0.000000 1.000000 0.000000
